sentence,prediction,gold_inflection,is_same,gold_original,is_same,log_prob
</s> DC</w> Cup cak es</w> is</w> gemaakt</w> in</w> <special1> <special1> <special1> <special1> <special1> .</w> </s>,kleur stelling</w> █</w> █</w> █</w>,Verenigde</w> Staten</w> van</w> Amerika</w>,0,Verenigde</w> Staten</w> van</w> Amerika</w>,0,-0.92359
</s> Do ña</w> Bella</w> is</w> gemaakt</w> in</w> <special1> <special1> .</w> </s>,Oosten rijk</w>,Verenigde</w> Staten</w> van</w> Amerika</w>,0,Verenigde</w> Staten</w> van</w> Amerika</w>,0,-0.88958
</s> American</w> Hot</w> Rod</w> is</w> gemaakt</w> in</w> <special1> <special1> <special1> <special1> <special1> .</w> </s>,kleur stelling</w> █</w> █</w> █</w>,Verenigde</w> Staten</w> van</w> Amerika</w>,0,Verenigde</w> Staten</w> van</w> Amerika</w>,0,-1.00508
</s> Miami</w> In k</w> is</w> gemaakt</w> in</w> <special1> <special1> <special1> <special1> <special1> .</w> </s>,█</w> █</w> █</w> █</w> █</w>,Verenigde</w> Staten</w> van</w> Amerika</w>,0,Verenigde</w> Staten</w> van</w> Amerika</w>,0,-0.59075
</s> Who</w> Do</w> You</w> Think</w> You</w> Are</w> ?</w> is</w> gemaakt</w> in</w> <special1> <special1> .</w> </s>,Zwit serland</w>,Verenigde</w> Staten</w> van</w> Amerika</w>,0,Verenigde</w> Staten</w> van</w> Amerika</w>,0,-0.93632
</s> LA</w> In k</w> is</w> gemaakt</w> in</w> <special1> <special1> <special1> <special1> <special1> .</w> </s>,█</w> █</w> █</w> █</w> █</w>,Verenigde</w> Staten</w> van</w> Amerika</w>,0,Verenigde</w> Staten</w> van</w> Amerika</w>,0,-0.51172
</s> Pe ep</w> en</w> de</w> wij de</w> wereld</w> is</w> gemaakt</w> in</w> <special1> <special1> <special1> <special1> .</w> </s>,kleur loze</w> kleur stellingen</w>,Verenigde</w> Staten</w> van</w> Amerika</w>,0,Verenigde</w> Staten</w> van</w> Amerika</w>,0,-1.21145
</s> Nit ro</w> Circus</w> is</w> gemaakt</w> in</w> <special1> <special1> .</w> </s>,Oosten rijk</w>,Verenigde</w> Staten</w> van</w> Amerika</w>,0,Verenigde</w> Staten</w> van</w> Amerika</w>,0,-0.88561
</s> For ensi c</w> Fil es</w> is</w> gemaakt</w> in</w> <special1> <special1> .</w> </s>,Zwit serland</w>,Verenigde</w> Staten</w> van</w> Amerika</w>,0,Verenigde</w> Staten</w> van</w> Amerika</w>,0,-1.22238
</s> El</w> amor</w> no</w> tiene</w> pre cio</w> is</w> gemaakt</w> in</w> <special1> <special1> <special1> .</w> </s>,Spanje</w> 1938- 1939</w>,Verenigde</w> Staten</w> van</w> Amerika</w>,0,Verenigde</w> Staten</w> van</w> Amerika</w>,0,-0.36370
</s> Over ha ulin</w> '</w> is</w> gemaakt</w> in</w> <special1> <special1> .</w> </s>,Oosten rijk</w>,Verenigde</w> Staten</w> van</w> Amerika</w>,0,Verenigde</w> Staten</w> van</w> Amerika</w>,0,-1.02473
</s> The</w> Little</w> Cou ple</w> is</w> gemaakt</w> in</w> <special1> <special1> <special1> <special1> <special1> .</w> </s>,kleur stelling</w> █</w> █</w> █</w>,Verenigde</w> Staten</w> van</w> Amerika</w>,0,Verenigde</w> Staten</w> van</w> Amerika</w>,0,-1.12111
</s> Sister</w> W ives</w> is</w> gemaakt</w> in</w> <special1> <special1> <special1> .</w> </s>,Sint</w> Eust atius</w>,Verenigde</w> Staten</w> van</w> Amerika</w>,0,Verenigde</w> Staten</w> van</w> Amerika</w>,0,-1.12928
</s> C ake</w> Boss</w> is</w> gemaakt</w> in</w> <special1> <special1> <special1> <special1> <special1> .</w> </s>,█</w> █</w> █</w> █</w> █</w>,Verenigde</w> Staten</w> van</w> Amerika</w>,0,Verenigde</w> Staten</w> van</w> Amerika</w>,0,-0.60752
</s> Here</w> Comes</w> Honey</w> Bo o</w> Bo o</w> is</w> gemaakt</w> in</w> <special1> <special1> <special1> .</w> </s>,Groot</w> Maar stede</w>,Verenigde</w> Staten</w> van</w> Amerika</w>,0,Verenigde</w> Staten</w> van</w> Amerika</w>,0,-0.90832
</s> Say</w> Yes</w> to</w> the</w> D ress</w> is</w> gemaakt</w> in</w> <special1> <special1> <special1> .</w> </s>,Zuid- Nieuw endam</w>,Verenigde</w> Staten</w> van</w> Amerika</w>,0,Verenigde</w> Staten</w> van</w> Amerika</w>,0,-1.34949
</s> Ons</w> leven</w> met</w> 19</w> kinderen</w> is</w> gemaakt</w> in</w> <special1> <special1> <special1> .</w> </s>,denk beeld staal</w>,Verenigde</w> Staten</w> van</w> Amerika</w>,0,Verenigde</w> Staten</w> van</w> Amerika</w>,0,-0.81910
</s> Ho arding</w> :</w> Bu ried</w> Alive</w> is</w> gemaakt</w> in</w> <special1> <special1> .</w> </s>,Zwit serland</w>,Verenigde</w> Staten</w> van</w> Amerika</w>,0,Verenigde</w> Staten</w> van</w> Amerika</w>,0,-1.12339
</s> Mor elia</w> is</w> gemaakt</w> in</w> <special1> <special1> .</w> </s>,Oosten rijk</w>,Verenigde</w> Staten</w> van</w> Amerika</w>,0,Verenigde</w> Staten</w> van</w> Amerika</w>,0,-1.24660
"</s> Little</w> People</w> ,</w> Big</w> World</w> is</w> gemaakt</w> in</w> <special1> <special1> .</w> </s>",Zwit serland</w>,Verenigde</w> Staten</w> van</w> Amerika</w>,0,Verenigde</w> Staten</w> van</w> Amerika</w>,0,-1.21878
</s> Long</w> Island</w> Medi um</w> is</w> gemaakt</w> in</w> <special1> <special1> <special1> <special1> <special1> .</w> </s>,kleur stelling</w> █</w> █</w> █</w>,Verenigde</w> Staten</w> van</w> Amerika</w>,0,Verenigde</w> Staten</w> van</w> Amerika</w>,0,-0.74052
</s> Tod dl ers</w> &</w> Ti aras</w> is</w> gemaakt</w> in</w> <special1> <special1> .</w> </s>,Brazili ë</w>,Verenigde</w> Staten</w> van</w> Amerika</w>,0,Verenigde</w> Staten</w> van</w> Amerika</w>,0,-0.92779
</s> Tra ding</w> Sp aces</w> is</w> gemaakt</w> in</w> <special1> <special1> <special1> <special1> <special1> .</w> </s>,█</w> █</w> █</w> █</w> █</w>,Verenigde</w> Staten</w> van</w> Amerika</w>,0,Verenigde</w> Staten</w> van</w> Amerika</w>,0,-0.77659
</s> Next</w> Great</w> Baker</w> is</w> gemaakt</w> in</w> <special1> <special1> <special1> <special1> <special1> .</w> </s>,kleur stelling</w> █</w> █</w> █</w>,Verenigde</w> Staten</w> van</w> Amerika</w>,0,Verenigde</w> Staten</w> van</w> Amerika</w>,0,-0.94856
</s> 10</w> Years</w> Yo unger</w> is</w> gemaakt</w> in</w> <special1> <special1> .</w> </s>,Zwit serland</w>,Verenigde</w> Staten</w> van</w> Amerika</w>,0,Verenigde</w> Staten</w> van</w> Amerika</w>,0,-0.99645
</s> A</w> Baby</w> Story</w> is</w> gemaakt</w> in</w> <special1> <special1> <special1> .</w> </s>,Sint</w> Eust atius</w>,Verenigde</w> Staten</w> van</w> Amerika</w>,0,Verenigde</w> Staten</w> van</w> Amerika</w>,0,-1.23337
</s> A</w> Model</w> Life</w> is</w> gemaakt</w> in</w> <special1> <special1> <special1> <special1> <special1> .</w> </s>,kleur stelling</w> █</w> █</w> █</w>,Verenigde</w> Staten</w> van</w> Amerika</w>,0,Verenigde</w> Staten</w> van</w> Amerika</w>,0,-0.83862
</s> Ab by</w> &</w> Brit tany</w> is</w> gemaakt</w> in</w> <special1> <special1> .</w> </s>,Zwit serland</w>,Verenigde</w> Staten</w> van</w> Amerika</w>,0,Verenigde</w> Staten</w> van</w> Amerika</w>,0,-0.62459
</s> ad dic ted</w> is</w> gemaakt</w> in</w> <special1> <special1> .</w> </s>,Zwit serland</w>,Verenigde</w> Staten</w> van</w> Amerika</w>,0,Verenigde</w> Staten</w> van</w> Amerika</w>,0,-1.18189
</s> Ancient</w> Myst eries</w> is</w> gemaakt</w> in</w> <special1> <special1> .</w> </s>,Mesopotam ië</w>,Verenigde</w> Staten</w> van</w> Amerika</w>,0,Verenigde</w> Staten</w> van</w> Amerika</w>,0,-1.06905
</s> See</w> Arnold</w> Run</w> is</w> gemaakt</w> in</w> <special1> <special1> <special1> .</w> </s>,Noord</w> Lof oten</w>,Verenigde</w> Staten</w> van</w> Amerika</w>,0,Verenigde</w> Staten</w> van</w> Amerika</w>,0,-0.91060
</s> BB Q</w> Pit mast ers</w> is</w> gemaakt</w> in</w> <special1> <special1> <special1> .</w> </s>,Groot</w> Maar stede</w>,Verenigde</w> Staten</w> van</w> Amerika</w>,0,Verenigde</w> Staten</w> van</w> Amerika</w>,0,-0.64007
</s> Beyond</w> the</w> Glory</w> is</w> gemaakt</w> in</w> <special1> <special1> <special1> <special1> .</w> </s>,Vro Vro Vro uwen</w>,Verenigde</w> Staten</w> van</w> Amerika</w>,0,Verenigde</w> Staten</w> van</w> Amerika</w>,0,-1.32548
</s> Big</w> Medicine</w> is</w> gemaakt</w> in</w> <special1> <special1> <special1> <special1> <special1> .</w> </s>,█</w> █</w> █</w> █</w> █</w>,Verenigde</w> Staten</w> van</w> Amerika</w>,0,Verenigde</w> Staten</w> van</w> Amerika</w>,0,-0.53170
</s> Ch eer</w> Per fec tion</w> is</w> gemaakt</w> in</w> <special1> <special1> <special1> <special1> <special1> .</w> </s>,█</w> █</w> █</w> █</w> █</w>,Verenigde</w> Staten</w> van</w> Amerika</w>,0,Verenigde</w> Staten</w> van</w> Amerika</w>,0,-0.82010
</s> D. U. I.</w> is</w> gemaakt</w> in</w> <special1> <special1> <special1> <special1> <special1> .</w> </s>,alfabet</w> ĳ</w> ĳ</w> ĳ</w> ĳ</w>,Verenigde</w> Staten</w> van</w> Amerika</w>,0,Verenigde</w> Staten</w> van</w> Amerika</w>,0,-1.31230
</s> Diag no sis</w> X</w> is</w> gemaakt</w> in</w> <special1> <special1> .</w> </s>,Zwit serland</w>,Verenigde</w> Staten</w> van</w> Amerika</w>,0,Verenigde</w> Staten</w> van</w> Amerika</w>,0,-0.68882
</s> Extreme</w> Che ap sk ates</w> is</w> gemaakt</w> in</w> <special1> <special1> <special1> <special1> <special1> .</w> </s>,█</w> █</w> █</w> █</w> █</w>,Verenigde</w> Staten</w> van</w> Amerika</w>,0,Verenigde</w> Staten</w> van</w> Amerika</w>,0,-0.65132
</s> Extreme</w> Cou pon ing</w> is</w> gemaakt</w> in</w> <special1> <special1> .</w> </s>,Zwit serland</w>,Verenigde</w> Staten</w> van</w> Amerika</w>,0,Verenigde</w> Staten</w> van</w> Amerika</w>,0,-0.79252
</s> Extreme</w> C oug ar</w> W ives</w> is</w> gemaakt</w> in</w> <special1> <special1> <special1> <special1> <special1> .</w> </s>,kleur stelling</w> █</w> █</w> █</w>,Verenigde</w> Staten</w> van</w> Amerika</w>,0,Verenigde</w> Staten</w> van</w> Amerika</w>,0,-1.18609
</s> Flight</w> 175</w> :</w> As</w> the</w> World</w> Wat ched</w> is</w> gemaakt</w> in</w> <special1> <special1> .</w> </s>,Oosten rijk</w>,Verenigde</w> Staten</w> van</w> Amerika</w>,0,Verenigde</w> Staten</w> van</w> Amerika</w>,0,-1.04720
</s> F lip</w> That</w> House</w> is</w> gemaakt</w> in</w> <special1> <special1> <special1> <special1> <special1> .</w> </s>,█</w> █</w> █</w> █</w> █</w>,Verenigde</w> Staten</w> van</w> Amerika</w>,0,Verenigde</w> Staten</w> van</w> Amerika</w>,0,-0.75061
</s> Fre ak y</w> E aters</w> is</w> gemaakt</w> in</w> <special1> <special1> <special1> <special1> .</w> </s>,Suður- Griek asj önd</w>,Verenigde</w> Staten</w> van</w> Amerika</w>,0,Verenigde</w> Staten</w> van</w> Amerika</w>,0,-1.02890
</s> Gy p sy</w> Sisters</w> is</w> gemaakt</w> in</w> <special1> <special1> .</w> </s>,Zwit serland</w>,Verenigde</w> Staten</w> van</w> Amerika</w>,0,Verenigde</w> Staten</w> van</w> Amerika</w>,0,-0.91284
</s> Pale ow or ld</w> is</w> gemaakt</w> in</w> <special1> <special1> <special1> .</w> </s>,Oost- Siber ië</w>,Verenigde</w> Staten</w> van</w> Amerika</w>,0,Verenigde</w> Staten</w> van</w> Amerika</w>,0,-0.43123
</s> Ice</w> Di aries</w> is</w> gemaakt</w> in</w> <special1> <special1> <special1> <special1> <special1> .</w> </s>,█</w> █</w> █</w> █</w> █</w>,Verenigde</w> Staten</w> van</w> Amerika</w>,0,Verenigde</w> Staten</w> van</w> Amerika</w>,0,-0.68914
</s> If</w> Wall s</w> Co uld</w> Talk</w> is</w> gemaakt</w> in</w> <special1> <special1> .</w> </s>,Jeruz alem</w>,Verenigde</w> Staten</w> van</w> Amerika</w>,0,Verenigde</w> Staten</w> van</w> Amerika</w>,0,-1.22618
</s> King</w> of</w> the</w> Crown</w> is</w> gemaakt</w> in</w> <special1> <special1> .</w> </s>,Jeruz alem</w>,Verenigde</w> Staten</w> van</w> Amerika</w>,0,Verenigde</w> Staten</w> van</w> Amerika</w>,0,-0.76399
</s> Let</w> '</w> s</w> P aint</w> TV</w> is</w> gemaakt</w> in</w> <special1> <special1> <special1> .</w> </s>,Groot</w> Maar stede</w>,Verenigde</w> Staten</w> van</w> Amerika</w>,0,Verenigde</w> Staten</w> van</w> Amerika</w>,0,-0.79812
</s> Liv in</w> '</w> for</w> the</w> Apo calyp se</w> is</w> gemaakt</w> in</w> <special1> <special1> .</w> </s>,Zwit serland</w>,Verenigde</w> Staten</w> van</w> Amerika</w>,0,Verenigde</w> Staten</w> van</w> Amerika</w>,0,-1.19982
</s> Meg a 64</w> is</w> gemaakt</w> in</w> <special1> <special1> .</w> </s>,Noord- Ierland</w>,Verenigde</w> Staten</w> van</w> Amerika</w>,0,Verenigde</w> Staten</w> van</w> Amerika</w>,0,-0.94923
</s> Mov ing</w> Up</w> is</w> gemaakt</w> in</w> <special1> <special1> <special1> <special1> .</w> </s>,Vro Vro Vro uwen</w>,Verenigde</w> Staten</w> van</w> Amerika</w>,0,Verenigde</w> Staten</w> van</w> Amerika</w>,0,-1.12563
</s> My</w> Strange</w> Ad diction</w> is</w> gemaakt</w> in</w> <special1> <special1> <special1> <special1> .</w> </s>,1001</w> Vro Vro uwen</w>,Verenigde</w> Staten</w> van</w> Amerika</w>,0,Verenigde</w> Staten</w> van</w> Amerika</w>,0,-1.28213
</s> NY</w> In k</w> is</w> gemaakt</w> in</w> <special1> <special1> <special1> <special1> <special1> .</w> </s>,█</w> █</w> █</w> █</w> █</w>,Verenigde</w> Staten</w> van</w> Amerika</w>,0,Verenigde</w> Staten</w> van</w> Amerika</w>,0,-0.52353
</s> On</w> the</w> Fly</w> is</w> gemaakt</w> in</w> <special1> <special1> <special1> <special1> .</w> </s>,Duit stalige</w> Geme enschap</w>,Verenigde</w> Staten</w> van</w> Amerika</w>,0,Verenigde</w> Staten</w> van</w> Amerika</w>,0,-1.14452
</s> One</w> Big</w> Happy</w> Family</w> is</w> gemaakt</w> in</w> <special1> <special1> <special1> <special1> <special1> .</w> </s>,█</w> █</w> █</w> █</w> █</w>,Verenigde</w> Staten</w> van</w> Amerika</w>,0,Verenigde</w> Staten</w> van</w> Amerika</w>,0,-0.79044
</s> Pete</w> Rose</w> :</w> Hits</w> &</w> Mrs.</w> is</w> gemaakt</w> in</w> <special1> <special1> <special1> <special1> <special1> .</w> </s>,kleur stelling</w> █</w> █</w> geel</w>,Verenigde</w> Staten</w> van</w> Amerika</w>,0,Verenigde</w> Staten</w> van</w> Amerika</w>,0,-0.92757
</s> Police</w> Women</w> of</w> Bro ward</w> County</w> is</w> gemaakt</w> in</w> <special1> <special1> <special1> .</w> </s>,groen</w> kleur stelling</w>,Verenigde</w> Staten</w> van</w> Amerika</w>,0,Verenigde</w> Staten</w> van</w> Amerika</w>,0,-1.49033
</s> Police</w> Women</w> of</w> Mar ic opa</w> County</w> is</w> gemaakt</w> in</w> <special1> <special1> <special1> <special1> <special1> .</w> </s>,kleur stelling</w> █</w> █</w> █</w>,Verenigde</w> Staten</w> van</w> Amerika</w>,0,Verenigde</w> Staten</w> van</w> Amerika</w>,0,-1.02246
</s> Police</w> Women</w> of</w> Cincinnati</w> is</w> gemaakt</w> in</w> <special1> <special1> <special1> <special1> <special1> .</w> </s>,kleur stelling</w> █</w> █</w> █</w>,Verenigde</w> Staten</w> van</w> Amerika</w>,0,Verenigde</w> Staten</w> van</w> Amerika</w>,0,-0.92937
</s> Police</w> Women</w> of</w> Memphis</w> is</w> gemaakt</w> in</w> <special1> <special1> <special1> <special1> <special1> .</w> </s>,kleur stelling</w> █</w> █</w> █</w>,Verenigde</w> Staten</w> van</w> Amerika</w>,0,Verenigde</w> Staten</w> van</w> Amerika</w>,0,-0.87712
</s> Qu ints</w> by</w> Sur prise</w> is</w> gemaakt</w> in</w> <special1> <special1> .</w> </s>,Zwit serland</w>,Verenigde</w> Staten</w> van</w> Amerika</w>,0,Verenigde</w> Staten</w> van</w> Amerika</w>,0,-0.98726
</s> R ides</w> is</w> gemaakt</w> in</w> <special1> <special1> .</w> </s>,Zwit serland</w>,Verenigde</w> Staten</w> van</w> Amerika</w>,0,Verenigde</w> Staten</w> van</w> Amerika</w>,0,-1.01313
</s> Rob o tica</w> is</w> gemaakt</w> in</w> <special1> <special1> .</w> </s>,Kazach stan</w>,Verenigde</w> Staten</w> van</w> Amerika</w>,0,Verenigde</w> Staten</w> van</w> Amerika</w>,0,-1.24241
</s> S alty</w> '</w> s</w> Ligh th ouse</w> is</w> gemaakt</w> in</w> <special1> <special1> <special1> <special1> <special1> .</w> </s>,staal</w> staal</w> staal</w> staal</w> staal</w>,Verenigde</w> Staten</w> van</w> Amerika</w>,0,Verenigde</w> Staten</w> van</w> Amerika</w>,0,-0.94557
</s> Sarah</w> Pal in</w> '</w> s</w> Alaska</w> is</w> gemaakt</w> in</w> <special1> <special1> <special1> <special1> .</w> </s>,totaal</w> zeven</w> aflever ingen</w>,Verenigde</w> Staten</w> van</w> Amerika</w>,0,Verenigde</w> Staten</w> van</w> Amerika</w>,0,-1.63824
</s> Say</w> Yes</w> to</w> the</w> D ress</w> :</w> Atlanta</w> is</w> gemaakt</w> in</w> <special1> <special1> <special1> .</w> </s>,Aix -les- Bains</w>,Verenigde</w> Staten</w> van</w> Amerika</w>,0,Verenigde</w> Staten</w> van</w> Amerika</w>,0,-1.56654
</s> Secret</w> Princ es</w> is</w> gemaakt</w> in</w> <special1> <special1> <special1> <special1> <special1> .</w> </s>,█</w> █</w> █</w> █</w> █</w>,Verenigde</w> Staten</w> van</w> Amerika</w>,0,Verenigde</w> Staten</w> van</w> Amerika</w>,0,-0.65837
</s> Sex tu pl ets</w> Take</w> New</w> York</w> is</w> gemaakt</w> in</w> <special1> <special1> <special1> <special1> <special1> .</w> </s>,kleur stelling</w> █</w> █</w> geel</w>,Verenigde</w> Staten</w> van</w> Amerika</w>,0,Verenigde</w> Staten</w> van</w> Amerika</w>,0,-0.86525
</s> Sin</w> City</w> Rules</w> is</w> gemaakt</w> in</w> <special1> <special1> <special1> <special1> <special1> .</w> </s>,█</w> █</w> █</w> █</w> █</w>,Verenigde</w> Staten</w> van</w> Amerika</w>,0,Verenigde</w> Staten</w> van</w> Amerika</w>,0,-0.56911
</s> Something</w> Bor row ed</w> Something</w> New</w> is</w> gemaakt</w> in</w> <special1> <special1> .</w> </s>,Zwit serland</w>,Verenigde</w> Staten</w> van</w> Amerika</w>,0,Verenigde</w> Staten</w> van</w> Amerika</w>,0,-1.56952
</s> St arter</w> W ives</w> Con f identi al</w> is</w> gemaakt</w> in</w> <special1> <special1> <special1> <special1> <special1> .</w> </s>,kleur stelling</w> █</w> █</w> █</w>,Verenigde</w> Staten</w> van</w> Amerika</w>,0,Verenigde</w> Staten</w> van</w> Amerika</w>,0,-1.15768
</s> Take</w> Home</w> Chef</w> is</w> gemaakt</w> in</w> <special1> <special1> <special1> <special1> .</w> </s>,Duit stalige</w> Geme enschap</w>,Verenigde</w> Staten</w> van</w> Amerika</w>,0,Verenigde</w> Staten</w> van</w> Amerika</w>,0,-0.34226
</s> The</w> Adam</w> Car olla</w> Project</w> is</w> gemaakt</w> in</w> <special1> <special1> <special1> <special1> <special1> .</w> </s>,kleur stelling</w> █</w> █</w> geel</w>,Verenigde</w> Staten</w> van</w> Amerika</w>,0,Verenigde</w> Staten</w> van</w> Amerika</w>,0,-1.01236
</s> The</w> Big</w> He ist</w> is</w> gemaakt</w> in</w> <special1> <special1> .</w> </s>,lente</w> lente</w>,Canada</w>,0,Canada</w>,0,-1.02610
</s> The</w> Le arning</w> Channel</w> '</w> s</w> Great</w> Books</w> is</w> gemaakt</w> in</w> <special1> <special1> <special1> .</w> </s>,Groot</w> Maar stede</w>,Verenigde</w> Staten</w> van</w> Amerika</w>,0,Verenigde</w> Staten</w> van</w> Amerika</w>,0,-1.02652
</s> The</w> S ister hood</w> is</w> gemaakt</w> in</w> <special1> <special1> <special1> <special1> <special1> .</w> </s>,kleur stelling</w> █</w> █</w> geel</w>,Verenigde</w> Staten</w> van</w> Amerika</w>,0,Verenigde</w> Staten</w> van</w> Amerika</w>,0,-1.32938
</s> Tod d World</w> is</w> gemaakt</w> in</w> <special1> <special1> <special1> .</w> </s>,Oost- Mongol ië</w>,Verenigde</w> Staten</w> van</w> Amerika</w>,0,Verenigde</w> Staten</w> van</w> Amerika</w>,0,-0.39098
</s> Tot ally</w> T- Bo z</w> is</w> gemaakt</w> in</w> <special1> <special1> <special1> <special1> <special1> .</w> </s>,ㅎ ㅎ ㅎ ㅎ ㅎ</w>,Verenigde</w> Staten</w> van</w> Amerika</w>,0,Verenigde</w> Staten</w> van</w> Amerika</w>,0,-0.99660
</s> Ultimate</w> C ake</w> Off</w> is</w> gemaakt</w> in</w> <special1> <special1> <special1> <special1> <special1> .</w> </s>,█</w> █</w> █</w> █</w> █</w>,Verenigde</w> Staten</w> van</w> Amerika</w>,0,Verenigde</w> Staten</w> van</w> Amerika</w>,0,-0.74441
</s> Un told</w> Stories</w> of</w> the</w> E. R.</w> is</w> gemaakt</w> in</w> <special1> <special1> <special1> .</w> </s>,Duit stalige</w> landen</w>,Verenigde</w> Staten</w> van</w> Amerika</w>,0,Verenigde</w> Staten</w> van</w> Amerika</w>,0,-0.61987
</s> W a</w> $</w> ted</w> !</w> is</w> gemaakt</w> in</w> <special1> <special1> .</w> </s>,Zwit serland</w>,Verenigde</w> Staten</w> van</w> Amerika</w>,0,Verenigde</w> Staten</w> van</w> Amerika</w>,0,-0.98307
</s> Welcome</w> to</w> Myr tle</w> Man or</w> is</w> gemaakt</w> in</w> <special1> <special1> <special1> <special1> <special1> .</w> </s>,kleur stelling</w> █</w> █</w> █</w>,Verenigde</w> Staten</w> van</w> Amerika</w>,0,Verenigde</w> Staten</w> van</w> Amerika</w>,0,-1.02856
</s> What</w> Not</w> to</w> We ar</w> is</w> gemaakt</w> in</w> <special1> <special1> .</w> </s>,Zwit serland</w>,Verenigde</w> Staten</w> van</w> Amerika</w>,0,Verenigde</w> Staten</w> van</w> Amerika</w>,0,-0.84318
</s> Your</w> Place</w> or</w> Mine</w> ?</w> is</w> gemaakt</w> in</w> <special1> <special1> .</w> </s>,Zwit serland</w>,Verenigde</w> Staten</w> van</w> Amerika</w>,0,Verenigde</w> Staten</w> van</w> Amerika</w>,0,-0.89014
</s> H i- 5</w> is</w> gemaakt</w> in</w> <special1> <special1> <special1> <special1> .</w> </s>,Azer beid sj jan</w>,Verenigde</w> Staten</w> van</w> Amerika</w>,0,Verenigde</w> Staten</w> van</w> Amerika</w>,0,-1.00825
</s> Most ly</w> True</w> Stories</w> :</w> Urban</w> Leg ends</w> Rev eal ed</w> is</w> gemaakt</w> in</w> <special1> <special1> <special1> <special1> <special1> .</w> </s>,dvd</w> voor</w> dvd</w> dvd</w> dvd</w>,Verenigde</w> Staten</w> van</w> Amerika</w>,0,Verenigde</w> Staten</w> van</w> Amerika</w>,0,-1.63893
</s> Take</w> Home</w> N anny</w> is</w> gemaakt</w> in</w> <special1> <special1> .</w> </s>,Jeruz alem</w>,Verenigde</w> Staten</w> van</w> Amerika</w>,0,Verenigde</w> Staten</w> van</w> Amerika</w>,0,-1.09905
</s> Hom em ade</w> Milli on aire</w> is</w> gemaakt</w> in</w> <special1> <special1> <special1> .</w> </s>,Groot</w> Maar stede</w>,Verenigde</w> Staten</w> van</w> Amerika</w>,0,Verenigde</w> Staten</w> van</w> Amerika</w>,0,-0.97602
</s> My</w> Five</w> W ives</w> is</w> gemaakt</w> in</w> <special1> <special1> <special1> <special1> <special1> .</w> </s>,█</w> █</w> █</w> █</w> █</w>,Verenigde</w> Staten</w> van</w> Amerika</w>,0,Verenigde</w> Staten</w> van</w> Amerika</w>,0,-0.98440
</s> Sex</w> Sent</w> Me</w> to</w> the</w> ER</w> is</w> gemaakt</w> in</w> <special1> <special1> <special1> .</w> </s>,Groot</w> Maar stede</w>,Verenigde</w> Staten</w> van</w> Amerika</w>,0,Verenigde</w> Staten</w> van</w> Amerika</w>,0,-0.78861
</s> I</w> Am</w> Jazz</w> is</w> gemaakt</w> in</w> <special1> <special1> .</w> </s>,Zwit serland</w>,Verenigde</w> Staten</w> van</w> Amerika</w>,0,Verenigde</w> Staten</w> van</w> Amerika</w>,0,-0.80261
"</s> Love</w> ,</w> L ust</w> or</w> Run</w> is</w> gemaakt</w> in</w> <special1> <special1> <special1> <special1> <special1> .</w> </s>",█</w> █</w> █</w> █</w> █</w>,Verenigde</w> Staten</w> van</w> Amerika</w>,0,Verenigde</w> Staten</w> van</w> Amerika</w>,0,-0.95064
</s> 90</w> Day</w> Fi anc é</w> is</w> gemaakt</w> in</w> <special1> <special1> .</w> </s>,Zwit serland</w>,Verenigde</w> Staten</w> van</w> Amerika</w>,0,Verenigde</w> Staten</w> van</w> Amerika</w>,0,-0.84348
</s> El</w> Comand ante</w> is</w> gemaakt</w> in</w> <special1> <special1> .</w> </s>,Noord- Ierland</w>,Verenigde</w> Staten</w> van</w> Amerika</w>,0,Verenigde</w> Staten</w> van</w> Amerika</w>,0,-0.96715
</s> Coun ting</w> On</w> is</w> gemaakt</w> in</w> <special1> <special1> <special1> <special1> <special1> .</w> </s>,█</w> █</w> █</w> █</w> █</w>,Verenigde</w> Staten</w> van</w> Amerika</w>,0,Verenigde</w> Staten</w> van</w> Amerika</w>,0,-0.91479
</s> Ashley</w> Pa ige</w> :</w> Bik ini</w> or</w> B ust</w> is</w> gemaakt</w> in</w> <special1> <special1> .</w> </s>,Zwit serland</w>,Verenigde</w> Staten</w> van</w> Amerika</w>,0,Verenigde</w> Staten</w> van</w> Amerika</w>,0,-1.06656
</s> 1000- lb</w> Sisters</w> is</w> gemaakt</w> in</w> <special1> <special1> <special1> <special1> <special1> .</w> </s>,█</w> █</w> █</w> █</w> █</w>,Verenigde</w> Staten</w> van</w> Amerika</w>,0,Verenigde</w> Staten</w> van</w> Amerika</w>,0,-0.59295
</s> Welcome</w> to</w> Plat h ville</w> is</w> gemaakt</w> in</w> <special1> <special1> <special1> .</w> </s>,denk beeld staal</w>,Verenigde</w> Staten</w> van</w> Amerika</w>,0,Verenigde</w> Staten</w> van</w> Amerika</w>,0,-1.00455
</s> Be ak man</w> '</w> s</w> World</w> is</w> gemaakt</w> in</w> <special1> <special1> <special1> <special1> <special1> .</w> </s>,kleur stelling</w> █</w> █</w> █</w>,Verenigde</w> Staten</w> van</w> Amerika</w>,0,Verenigde</w> Staten</w> van</w> Amerika</w>,0,-1.06999
</s> Danny</w> Phantom</w> is</w> gemaakt</w> in</w> <special1> <special1> <special1> <special1> .</w> </s>,naam loze</w> kleur stellingen</w>,Verenigde</w> Staten</w> van</w> Amerika</w>,0,Verenigde</w> Staten</w> van</w> Amerika</w>,0,-0.63221
</s> Mad</w> Lab s</w> is</w> gemaakt</w> in</w> <special1> <special1> .</w> </s>,Oosten rijk</w>,Verenig d</w> Koninkrijk</w>,0,Verenig d</w> Koninkrijk</w>,0,-1.16712
</s> Doctor</w> Who</w> is</w> gemaakt</w> in</w> <special1> <special1> <special1> <special1> .</w> </s>,Vro Vro Vro uwen</w>,Verenig d</w> Koninkrijk</w>,0,Verenig d</w> Koninkrijk</w>,0,-1.20303
</s> The</w> P upp y</w> '</w> s</w> Fur ther</w> Adventures</w> is</w> gemaakt</w> in</w> <special1> <special1> <special1> <special1> <special1> .</w> </s>,kleur stelling</w> █</w> █</w> geel</w>,Verenig d</w> Koninkrijk</w>,0,Verenig d</w> Koninkrijk</w>,0,-1.37050
</s> Princess</w> of</w> Thi eves</w> is</w> gemaakt</w> in</w> <special1> <special1> <special1> <special1> <special1> .</w> </s>,kleur stelling</w> █</w> █</w> █</w>,Verenigde</w> Staten</w> van</w> Amerika</w>,0,Verenigde</w> Staten</w> van</w> Amerika</w>,0,-1.16709
</s> Fro zen</w> Planet</w> is</w> gemaakt</w> in</w> <special1> <special1> <special1> .</w> </s>,Oost- Siber ië</w>,Verenig d</w> Koninkrijk</w>,0,Verenig d</w> Koninkrijk</w>,0,-0.29332
</s> Ro ary</w> the</w> Racing</w> Car</w> is</w> gemaakt</w> in</w> <special1> <special1> <special1> <special1> .</w> </s>,kleur loze</w> kleur stelling</w>,Verenig d</w> Koninkrijk</w>,0,Verenig d</w> Koninkrijk</w>,0,-1.29572
</s> P ingu</w> is</w> gemaakt</w> in</w> <special1> <special1> <special1> <special1> .</w> </s>,Qend ë- Qend rës</w>,Verenig d</w> Koninkrijk</w>,0,Verenig d</w> Koninkrijk</w>,0,-0.53045
</s> House</w> of</w> An ub is</w> is</w> gemaakt</w> in</w> <special1> <special1> <special1> <special1> <special1> .</w> </s>,ՙ ՙ ՙ ՙ ՙ,Verenig d</w> Koninkrijk</w>,0,Verenig d</w> Koninkrijk</w>,0,-0.80940
</s> James</w> Paul</w> McCartney</w> is</w> gemaakt</w> in</w> <special1> <special1> <special1> <special1> <special1> .</w> </s>,kleur stelling</w> █</w> █</w> █</w>,Verenig d</w> Koninkrijk</w>,0,Verenig d</w> Koninkrijk</w>,0,-0.70959
</s> Purple</w> and</w> Brown</w> is</w> gemaakt</w> in</w> <special1> <special1> .</w> </s>,Zwit serland</w>,Verenig d</w> Koninkrijk</w>,0,Verenig d</w> Koninkrijk</w>,0,-0.71455
</s> Kleine</w> Rode</w> Tra c tor</w> is</w> gemaakt</w> in</w> <special1> <special1> <special1> <special1> .</w> </s>,kleur loze</w> kleur stellingen</w>,Verenig d</w> Koninkrijk</w>,0,Verenig d</w> Koninkrijk</w>,0,-1.23745
</s> The</w> Last</w> Days</w> of</w> Pompe ii</w> is</w> gemaakt</w> in</w> <special1> <special1> .</w> </s>,hetzelfde</w> jaar</w>,Verenigde</w> Staten</w> van</w> Amerika</w>,0,Verenigde</w> Staten</w> van</w> Amerika</w>,0,-1.89876
</s> I</w> Did n</w> '</w> t</w> Know</w> That</w> is</w> gemaakt</w> in</w> <special1> <special1> .</w> </s>,Oosten rijk</w>,Verenig d</w> Koninkrijk</w>,0,Verenig d</w> Koninkrijk</w>,0,-1.04464
</s> Love</w> Hur ts</w> is</w> gemaakt</w> in</w> <special1> <special1> <special1> .</w> </s>,Groot</w> Maar stede</w>,Verenig d</w> Koninkrijk</w>,0,Verenig d</w> Koninkrijk</w>,0,-1.16409
</s> S. O. S.</w> Titanic</w> is</w> gemaakt</w> in</w> <special1> <special1> .</w> </s>,Nieu- Seeland</w>,Verenig d</w> Koninkrijk</w>,0,Verenig d</w> Koninkrijk</w>,0,-1.14815
</s> The</w> New</w> Woody</w> Wood pec ker</w> Show</w> is</w> gemaakt</w> in</w> <special1> <special1> <special1> .</w> </s>,Groot</w> Maar stede</w>,Verenig d</w> Koninkrijk</w>,0,Verenig d</w> Koninkrijk</w>,0,-0.82500
</s> Action</w> Man</w> is</w> gemaakt</w> in</w> <special1> <special1> <special1> <special1> .</w> </s>,Japanse</w> Vro Vro uwen</w>,Verenig d</w> Koninkrijk</w>,0,Verenig d</w> Koninkrijk</w>,0,-1.16754
</s> The</w> Vic ar</w> of</w> Dib ley</w> is</w> gemaakt</w> in</w> <special1> <special1> <special1> <special1> <special1> .</w> </s>,omstreeks</w> 1430</w> vó ór</w> 1440</w>,Verenig d</w> Koninkrijk</w>,0,Verenig d</w> Koninkrijk</w>,0,-1.91656
</s> Hector</w> '</w> s</w> House</w> is</w> gemaakt</w> in</w> <special1> <special1> .</w> </s>,Nieu- Seeland</w>,Verenig d</w> Koninkrijk</w>,0,Verenig d</w> Koninkrijk</w>,0,-1.56276
</s> Murder</w> in</w> Mind</w> is</w> gemaakt</w> in</w> <special1> <special1> .</w> </s>,Zwit serland</w>,Verenig d</w> Koninkrijk</w>,0,Verenig d</w> Koninkrijk</w>,0,-1.04406
"</s> Big</w> ,</w> Big ger</w> ,</w> Big gest</w> is</w> gemaakt</w> in</w> <special1> <special1> <special1> .</w> </s>",Oost- Siber ië</w>,Verenig d</w> Koninkrijk</w>,0,Verenig d</w> Koninkrijk</w>,0,-0.52794
</s> Ed ds world</w> is</w> gemaakt</w> in</w> <special1> <special1> .</w> </s>,Oosten rijk</w>,Verenig d</w> Koninkrijk</w>,0,Verenig d</w> Koninkrijk</w>,0,-1.10267
</s> Ben</w> and</w> Holly</w> '</w> s</w> Little</w> Kingdom</w> is</w> gemaakt</w> in</w> <special1> <special1> <special1> <special1> <special1> .</w> </s>,kleur stelling</w> █</w> █</w> █</w>,Verenig d</w> Koninkrijk</w>,0,Verenig d</w> Koninkrijk</w>,0,-1.19028
</s> Journey</w> to</w> the</w> Un known</w> is</w> gemaakt</w> in</w> <special1> <special1> .</w> </s>,Zwit serland</w>,Verenig d</w> Koninkrijk</w>,0,Verenig d</w> Koninkrijk</w>,0,-1.25708
</s> Par kinson</w> is</w> gemaakt</w> in</w> <special1> <special1> .</w> </s>,Noord- Ierland</w>,Verenig d</w> Koninkrijk</w>,0,Verenig d</w> Koninkrijk</w>,0,-1.27586
</s> Richard</w> Hammond</w> '</w> s</w> Engineering</w> Connec tions</w> is</w> gemaakt</w> in</w> <special1> <special1> <special1> .</w> </s>,Groot</w> Maar stede</w>,Verenig d</w> Koninkrijk</w>,0,Verenig d</w> Koninkrijk</w>,0,-0.80251
</s> Vision</w> On</w> is</w> gemaakt</w> in</w> <special1> <special1> <special1> <special1> <special1> .</w> </s>,█</w> █</w> █</w> █</w> █</w>,Verenig d</w> Koninkrijk</w>,0,Verenig d</w> Koninkrijk</w>,0,-0.84666
</s> Five</w> Days</w> is</w> gemaakt</w> in</w> <special1> <special1> <special1> <special1> <special1> .</w> </s>,█</w> █</w> █</w> █</w> █</w>,Verenig d</w> Koninkrijk</w>,0,Verenig d</w> Koninkrijk</w>,0,-0.72906
</s> W ives</w> and</w> D aughters</w> is</w> gemaakt</w> in</w> <special1> <special1> .</w> </s>,Zwit serland</w>,Verenig d</w> Koninkrijk</w>,0,Verenig d</w> Koninkrijk</w>,0,-1.20695
</s> Here</w> Come</w> the</w> Double</w> Dec kers</w> is</w> gemaakt</w> in</w> <special1> <special1> <special1> <special1> <special1> .</w> </s>,ƒ ƒ ƒ ƒ ƒ</w>,Verenig d</w> Koninkrijk</w>,0,Verenig d</w> Koninkrijk</w>,0,-0.83363
</s> The</w> Great</w> War</w> is</w> gemaakt</w> in</w> <special1> <special1> <special1> <special1> .</w> </s>,Duit stalige</w> Geme enschap</w>,Verenig d</w> Koninkrijk</w>,0,Verenig d</w> Koninkrijk</w>,0,-1.10807
</s> Tot ally</w> Doctor</w> Who</w> is</w> gemaakt</w> in</w> <special1> <special1> <special1> <special1> .</w> </s>,Vro Vro Vro uwen</w>,Verenig d</w> Koninkrijk</w>,0,Verenig d</w> Koninkrijk</w>,0,-1.29187
</s> The</w> Body</w> Farm</w> is</w> gemaakt</w> in</w> <special1> <special1> <special1> <special1> <special1> .</w> </s>,kleur stelling</w> █</w> █</w> █</w>,Verenig d</w> Koninkrijk</w>,0,Verenig d</w> Koninkrijk</w>,0,-0.86275
</s> Hollywood</w> 7</w> is</w> gemaakt</w> in</w> <special1> <special1> <special1> <special1> <special1> .</w> </s>,kleur stelling</w> █</w> █</w> █</w>,Verenig d</w> Koninkrijk</w>,0,Verenig d</w> Koninkrijk</w>,0,-0.70096
</s> Gar row</w> '</w> s</w> Law</w> is</w> gemaakt</w> in</w> <special1> <special1> .</w> </s>,Leic estershire</w>,Verenig d</w> Koninkrijk</w>,0,Verenig d</w> Koninkrijk</w>,0,-1.18922
</s> Cas anova</w> is</w> gemaakt</w> in</w> <special1> <special1> <special1> <special1> <special1> .</w> </s>,staal</w> staal</w> staal</w> staal</w> staal</w>,Verenig d</w> Koninkrijk</w>,0,Verenig d</w> Koninkrijk</w>,0,-1.11426
</s> 999</w> is</w> gemaakt</w> in</w> <special1> <special1> <special1> <special1> .</w> </s>,█</w> █</w> █</w> █</w>,Verenig d</w> Koninkrijk</w>,0,Verenig d</w> Koninkrijk</w>,0,-0.99765
</s> A</w> G ift</w> for</w> Zo oter</w> is</w> gemaakt</w> in</w> <special1> <special1> <special1> .</w> </s>,Groot</w> Maar stede</w>,Verenigde</w> Staten</w> van</w> Amerika</w>,0,Verenigde</w> Staten</w> van</w> Amerika</w>,0,-1.11726
</s> Animal</w> Hospital</w> is</w> gemaakt</w> in</w> <special1> <special1> .</w> </s>,Jeruz alem</w>,Verenig d</w> Koninkrijk</w>,0,Verenig d</w> Koninkrijk</w>,0,-0.90791
</s> BB C- 3</w> is</w> gemaakt</w> in</w> <special1> <special1> .</w> </s>,Zwit serland</w>,Verenig d</w> Koninkrijk</w>,0,Verenig d</w> Koninkrijk</w>,0,-0.88316
</s> BBC</w> Look</w> North</w> is</w> gemaakt</w> in</w> <special1> <special1> .</w> </s>,Noord- Ierland</w>,Verenig d</w> Koninkrijk</w>,0,Verenig d</w> Koninkrijk</w>,0,-0.46559
</s> BBC</w> News</w> Sum mar y</w> is</w> gemaakt</w> in</w> <special1> <special1> .</w> </s>,Noord- Ierland</w>,Verenig d</w> Koninkrijk</w>,0,Verenig d</w> Koninkrijk</w>,0,-0.66269
</s> Bac kup</w> is</w> gemaakt</w> in</w> <special1> <special1> .</w> </s>,Zwit serland</w>,Verenig d</w> Koninkrijk</w>,0,Verenig d</w> Koninkrijk</w>,0,-1.06750
</s> Beast</w> is</w> gemaakt</w> in</w> <special1> <special1> <special1> <special1> <special1> .</w> </s>,█</w> █</w> █</w> █</w> █</w>,Verenig d</w> Koninkrijk</w>,0,Verenig d</w> Koninkrijk</w>,0,-0.85779
</s> Be ing</w> Mick</w> is</w> gemaakt</w> in</w> <special1> <special1> <special1> <special1> <special1> .</w> </s>,kleur stelling</w> █</w> █</w> █</w>,Verenig d</w> Koninkrijk</w>,0,Verenig d</w> Koninkrijk</w>,0,-0.94627
</s> Big</w> Break</w> is</w> gemaakt</w> in</w> <special1> <special1> <special1> <special1> <special1> .</w> </s>,█</w> █</w> █</w> █</w> █</w>,Verenig d</w> Koninkrijk</w>,0,Verenig d</w> Koninkrijk</w>,0,-0.74844
</s> Big</w> Deal</w> is</w> gemaakt</w> in</w> <special1> <special1> <special1> <special1> <special1> .</w> </s>,█</w> █</w> █</w> █</w> █</w>,Verenig d</w> Koninkrijk</w>,0,Verenig d</w> Koninkrijk</w>,0,-0.72763
</s> Bit sa</w> is</w> gemaakt</w> in</w> <special1> <special1> <special1> <special1> <special1> .</w> </s>,alfabet</w> Ċ Ċ Ċ Ċ,Verenig d</w> Koninkrijk</w>,0,Verenig d</w> Koninkrijk</w>,0,-1.13379
</s> Bles sed</w> is</w> gemaakt</w> in</w> <special1> <special1> .</w> </s>,Zwit serland</w>,Verenig d</w> Koninkrijk</w>,0,Verenig d</w> Koninkrijk</w>,0,-1.30296
</s> British</w> Isl es</w> -</w> A</w> Natural</w> History</w> is</w> gemaakt</w> in</w> <special1> <special1> <special1> .</w> </s>,Groot</w> Maar stede</w>,Verenig d</w> Koninkrijk</w>,0,Verenig d</w> Koninkrijk</w>,0,-0.64907
</s> Brus h</w> Stro kes</w> is</w> gemaakt</w> in</w> <special1> <special1> <special1> <special1> <special1> .</w> </s>,staal</w> staal</w> staal</w> staal</w> staal</w>,Verenig d</w> Koninkrijk</w>,0,Verenig d</w> Koninkrijk</w>,0,-1.11404
</s> Bum p</w> is</w> gemaakt</w> in</w> <special1> <special1> <special1> <special1> .</w> </s>,Qend ë- Qend rës</w>,Verenig d</w> Koninkrijk</w>,0,Verenig d</w> Koninkrijk</w>,0,-0.57603
</s> Bus</w> Life</w> is</w> gemaakt</w> in</w> <special1> <special1> <special1> <special1> <special1> .</w> </s>,█</w> █</w> █</w> █</w> █</w>,Verenig d</w> Koninkrijk</w>,0,Verenig d</w> Koninkrijk</w>,0,-0.61083
</s> Cab bag es</w> and</w> Kings</w> is</w> gemaakt</w> in</w> <special1> <special1> .</w> </s>,Zwit serland</w>,Verenig d</w> Koninkrijk</w>,0,Verenig d</w> Koninkrijk</w>,0,-1.12679
</s> Call</w> My</w> Blu ff</w> is</w> gemaakt</w> in</w> <special1> <special1> <special1> <special1> .</w> </s>,Duit stalige</w> Geme enschap</w>,Verenig d</w> Koninkrijk</w>,0,Verenig d</w> Koninkrijk</w>,0,-1.04479
</s> Cam ber wick</w> Green</w> is</w> gemaakt</w> in</w> <special1> <special1> .</w> </s>,Leic estershire</w>,Verenig d</w> Koninkrijk</w>,0,Verenig d</w> Koninkrijk</w>,0,-0.63722
</s> Candy</w> Cab s</w> is</w> gemaakt</w> in</w> <special1> <special1> <special1> <special1> .</w> </s>,epar keting aarts bisdom</w>,Verenig d</w> Koninkrijk</w>,0,Verenig d</w> Koninkrijk</w>,0,-1.19114
</s> Car di ac</w> Ar rest</w> is</w> gemaakt</w> in</w> <special1> <special1> <special1> <special1> .</w> </s>,Duit stalige</w> Geme enschap</w>,Verenig d</w> Koninkrijk</w>,0,Verenig d</w> Koninkrijk</w>,0,-1.03334
</s> Cas anova</w> '</w> 73</w> is</w> gemaakt</w> in</w> <special1> <special1> .</w> </s>,Sloveni ë</w>,Verenig d</w> Koninkrijk</w>,0,Verenig d</w> Koninkrijk</w>,0,-1.05884
</s> Challenge</w> An neka</w> is</w> gemaakt</w> in</w> <special1> <special1> .</w> </s>,Zwit serland</w>,Verenig d</w> Koninkrijk</w>,0,Verenig d</w> Koninkrijk</w>,0,-0.73986
</s> Ch oc k- A- Block</w> is</w> gemaakt</w> in</w> <special1> <special1> <special1> <special1> <special1> .</w> </s>,█</w> █</w> █</w> █</w> █</w>,Verenig d</w> Koninkrijk</w>,0,Verenig d</w> Koninkrijk</w>,0,-0.63052
</s> Comp act</w> is</w> gemaakt</w> in</w> <special1> <special1> <special1> <special1> <special1> .</w> </s>,kleur kleur kleur kleur kleur</w>,Verenig d</w> Koninkrijk</w>,0,Verenig d</w> Koninkrijk</w>,0,-0.98104
</s> Court</w> Mar tial</w> is</w> gemaakt</w> in</w> <special1> <special1> .</w> </s>,Normandi ë</w>,Verenig d</w> Koninkrijk</w>,0,Verenig d</w> Koninkrijk</w>,0,-1.13131
</s> Cro cod ile</w> Sho es</w> II</w> is</w> gemaakt</w> in</w> <special1> <special1> <special1> .</w> </s>,Groot</w> Maar stede</w>,Verenig d</w> Koninkrijk</w>,0,Verenig d</w> Koninkrijk</w>,0,-0.70353
</s> Crown</w> Pro sec utor</w> is</w> gemaakt</w> in</w> <special1> <special1> <special1> .</w> </s>,Sint</w> Eust atius</w>,Verenig d</w> Koninkrijk</w>,0,Verenig d</w> Koninkrijk</w>,0,-1.00253
</s> Did n</w> '</w> t</w> They</w> Do</w> Well</w> is</w> gemaakt</w> in</w> <special1> <special1> <special1> <special1> .</w> </s>,Duit stalige</w> Geme enschap</w>,Verenig d</w> Koninkrijk</w>,0,Verenig d</w> Koninkrijk</w>,0,-0.99715
"</s> Don</w> '</w> t</w> Get</w> D one</w> ,</w> Get</w> Dom</w> is</w> gemaakt</w> in</w> <special1> <special1> <special1> <special1> .</w> </s>",Duit stalige</w> Geme enschap</w>,Verenig d</w> Koninkrijk</w>,0,Verenig d</w> Koninkrijk</w>,0,-0.78619
</s> Don</w> '</w> t</w> Tell</w> the</w> Bride</w> is</w> gemaakt</w> in</w> <special1> <special1> <special1> <special1> .</w> </s>,Duit stalige</w> Geme enschap</w>,Verenig d</w> Koninkrijk</w>,0,Verenig d</w> Koninkrijk</w>,0,-1.01479
</s> Drama</w> Connec tions</w> is</w> gemaakt</w> in</w> <special1> <special1> <special1> <special1> .</w> </s>,Nieu- Griek αλή μ</w>,Verenig d</w> Koninkrijk</w>,0,Verenig d</w> Koninkrijk</w>,0,-1.19956
</s> East</w> Midlands</w> Today</w> is</w> gemaakt</w> in</w> <special1> <special1> .</w> </s>,Leic estershire</w>,Verenig d</w> Koninkrijk</w>,0,Verenig d</w> Koninkrijk</w>,0,-0.72295
</s> El</w> Nom bre</w> is</w> gemaakt</w> in</w> <special1> <special1> .</w> </s>,Micho acan</w>,Verenig d</w> Koninkrijk</w>,0,Verenig d</w> Koninkrijk</w>,0,-1.54665
</s> The</w> Spo ok y</w> Sisters</w> is</w> gemaakt</w> in</w> <special1> <special1> <special1> <special1> <special1> .</w> </s>,kleur stelling</w> █</w> █</w> █</w>,Verenig d</w> Koninkrijk</w>,0,Verenig d</w> Koninkrijk</w>,0,-1.05833
</s> Explor ations</w> is</w> gemaakt</w> in</w> <special1> <special1> .</w> </s>,Zwit serland</w>,Verenig d</w> Koninkrijk</w>,0,Verenig d</w> Koninkrijk</w>,0,-0.97438
</s> It</w> '</w> s</w> Only</w> TV</w> ...</w> but</w> I</w> Like</w> It</w> is</w> gemaakt</w> in</w> <special1> <special1> <special1> <special1> .</w> </s>,Duit stalige</w> Geme enschap</w>,Verenig d</w> Koninkrijk</w>,0,Verenig d</w> Koninkrijk</w>,0,-1.00649
"</s> Jungle</w> Junction</w> ,</w> series</w> 2</w> is</w> gemaakt</w> in</w> <special1> <special1> .</w> </s>",Zuid- Afrika</w>,Verenigde</w> Staten</w> van</w> Amerika</w>,0,Verenigde</w> Staten</w> van</w> Amerika</w>,0,-1.08754
"</s> Jungle</w> Junction</w> ,</w> series</w> 1</w> is</w> gemaakt</w> in</w> <special1> <special1> <special1> <special1> <special1> .</w> </s>",kleur kleur kleur kleur kleur</w>,Verenigde</w> Staten</w> van</w> Amerika</w>,0,Verenigde</w> Staten</w> van</w> Amerika</w>,0,-1.05144
</s> Mar vo</w> the</w> Wonder</w> Chic ken</w> is</w> gemaakt</w> in</w> <special1> <special1> <special1> .</w> </s>,Groot</w> Maar stede</w>,Verenig d</w> Koninkrijk</w>,0,Verenig d</w> Koninkrijk</w>,0,-0.85287
</s> Oak ie</w> D oke</w> is</w> gemaakt</w> in</w> <special1> <special1> .</w> </s>,Zuid- Australië</w>,Verenig d</w> Koninkrijk</w>,0,Verenig d</w> Koninkrijk</w>,0,-0.88683
</s> P X G</w> is</w> gemaakt</w> in</w> <special1> <special1> <special1> .</w> </s>,Oost- Bloem endam</w>,Verenig d</w> Koninkrijk</w>,0,Verenig d</w> Koninkrijk</w>,0,-1.02402
</s> Par anor mal</w> ?</w> is</w> gemaakt</w> in</w> <special1> <special1> <special1> .</w> </s>,Oost- Siber ië</w>,Verenig d</w> Koninkrijk</w>,0,Verenig d</w> Koninkrijk</w>,0,-0.41613
</s> Perfect</w> We apon</w> is</w> gemaakt</w> in</w> <special1> <special1> <special1> <special1> .</w> </s>,staal</w> staal</w> staal</w> staal</w>,Verenig d</w> Koninkrijk</w>,0,Verenig d</w> Koninkrijk</w>,0,-1.22767
</s> Pin ky</w> Pic nic</w> is</w> gemaakt</w> in</w> <special1> <special1> .</w> </s>,Oosten rijk</w>,Verenigde</w> Staten</w> van</w> Amerika</w>,0,Verenigde</w> Staten</w> van</w> Amerika</w>,0,-0.87421
</s> Planet</w> Mechan ics</w> is</w> gemaakt</w> in</w> <special1> <special1> .</w> </s>,Kazach stan</w>,Verenig d</w> Koninkrijk</w>,0,Verenig d</w> Koninkrijk</w>,0,-1.40080
</s> Return</w> to</w> Tre asure</w> Island</w> is</w> gemaakt</w> in</w> <special1> <special1> <special1> .</w> </s>,Groot</w> Maar stede</w>,Verenig d</w> Koninkrijk</w>,0,Verenig d</w> Koninkrijk</w>,0,-0.94161
</s> Secret</w> Life</w> of</w> To ys</w> is</w> gemaakt</w> in</w> <special1> <special1> <special1> <special1> <special1> .</w> </s>,█</w> █</w> █</w> █</w> █</w>,Verenig d</w> Koninkrijk</w>,0,Verenig d</w> Koninkrijk</w>,0,-0.64719
</s> The</w> Night</w> Before</w> Zip smas</w> is</w> gemaakt</w> in</w> <special1> <special1> <special1> .</w> </s>,Spanje</w> 1938- 1939</w>,Verenigde</w> Staten</w> van</w> Amerika</w>,0,Verenigde</w> Staten</w> van</w> Amerika</w>,0,-0.85123
</s> Fun</w> with</w> Claude</w> is</w> gemaakt</w> in</w> <special1> <special1> .</w> </s>,Zwit serland</w>,Verenig d</w> Koninkrijk</w>,0,Verenig d</w> Koninkrijk</w>,0,-0.71347
</s> The</w> Wh ip ping</w> Boy</w> is</w> gemaakt</w> in</w> <special1> <special1> <special1> <special1> <special1> .</w> </s>,kleur stelling</w> █</w> █</w> geel</w>,Verenigde</w> Staten</w> van</w> Amerika</w>,0,Verenigde</w> Staten</w> van</w> Amerika</w>,0,-1.15709
</s> Hou dini</w> and</w> Doyle</w> is</w> gemaakt</w> in</w> <special1> <special1> .</w> </s>,Zwit serland</w>,Verenig d</w> Koninkrijk</w>,0,Verenig d</w> Koninkrijk</w>,0,-0.66538
</s> I</w> Live</w> with</w> Mod els</w> is</w> gemaakt</w> in</w> <special1> <special1> .</w> </s>,Oosten rijk</w>,Verenig d</w> Koninkrijk</w>,0,Verenig d</w> Koninkrijk</w>,0,-0.92885
</s> Kip per</w> is</w> gemaakt</w> in</w> <special1> <special1> .</w> </s>,Oosten rijk</w>,Verenig d</w> Koninkrijk</w>,0,Verenig d</w> Koninkrijk</w>,0,-0.56432
</s> Wil f</w> the</w> Wit ch</w> '</w> s</w> Dog</w> is</w> gemaakt</w> in</w> <special1> <special1> <special1> .</w> </s>,Engeland</w> 1938- 1939</w>,Verenig d</w> Koninkrijk</w>,0,Verenig d</w> Koninkrijk</w>,0,-0.85787
</s> Tas k master</w> is</w> gemaakt</w> in</w> <special1> <special1> .</w> </s>,Oosten rijk</w>,Verenig d</w> Koninkrijk</w>,0,Verenig d</w> Koninkrijk</w>,0,-0.99902
</s> The</w> State</w> is</w> gemaakt</w> in</w> <special1> <special1> <special1> .</w> </s>,Sint</w> Eust atius</w>,Verenig d</w> Koninkrijk</w>,0,Verenig d</w> Koninkrijk</w>,0,-1.11721
</s> Sco ob yn atu ral</w> is</w> gemaakt</w> in</w> <special1> <special1> .</w> </s>,Zwit serland</w>,Verenigde</w> Staten</w> van</w> Amerika</w>,0,Verenigde</w> Staten</w> van</w> Amerika</w>,0,-0.68161
</s> 101</w> Dal mati an</w> Street</w> is</w> gemaakt</w> in</w> <special1> <special1> <special1> <special1> <special1> .</w> </s>,stijl</w> █</w> █</w> █</w> █</w>,Verenig d</w> Koninkrijk</w>,0,Verenig d</w> Koninkrijk</w>,0,-1.01727
"</s> Die</w> Super hän dler</w> -</w> 4</w> Rä ume</w> ,</w> 1</w> Deal</w> is</w> gemaakt</w> in</w> <special1> <special1> .</w> </s>",Oosten rijk</w>,Verenig d</w> Koninkrijk</w>,0,Verenig d</w> Koninkrijk</w>,0,-1.15082
</s> It</w> '</w> s</w> P ony</w> is</w> gemaakt</w> in</w> <special1> <special1> <special1> .</w> </s>,Groot</w> Maar stede</w>,Verenig d</w> Koninkrijk</w>,0,Verenig d</w> Koninkrijk</w>,0,-1.07933
</s> Lost</w> Tre as ures</w> of</w> Egypt</w> is</w> gemaakt</w> in</w> <special1> <special1> .</w> </s>,Egy pte</w>,Verenig d</w> Koninkrijk</w>,0,Verenig d</w> Koninkrijk</w>,0,-0.49489
